thumbnail_1 175.000000 244.000000 161.000000 241.000000
thumbnail_2 157.000000 251.000000 161.000000 241.000000
thumbnail_3 233.000000 164.000000 241.000000 161.000000
thumbnail_4 233.000000 195.000000 241.000000 161.000000
thumbnail_5 154.000000 238.000000 161.000000 241.000000
thumbnail_6 349.000000 231.000000 241.000000 161.000000
thumbnail_7 251.000000 226.000000 161.000000 241.000000
thumbnail_8 273.000000 184.000000 241.000000 161.000000
thumbnail_9 263.000000 361.000000 161.000000 241.000000
thumbnail_10 168.000000 189.000000 241.000000 161.000000
thumbnail_11 265.000000 197.000000 241.000000 161.000000
thumbnail_12 125.000000 258.000000 161.000000 241.000000
thumbnail_13 92.000000 94.000000 161.000000 241.000000
thumbnail_14 95.000000 123.000000 241.000000 161.000000
thumbnail_15 126.000000 288.000000 161.000000 241.000000
thumbnail_16 230.000000 160.000000 241.000000 161.000000
thumbnail_17 243.000000 167.000000 241.000000 161.000000
thumbnail_18 104.000000 231.000000 241.000000 161.000000
thumbnail_19 119.000000 294.000000 161.000000 241.000000
thumbnail_20 184.000000 169.000000 161.000000 241.000000
thumbnail_21 173.000000 249.000000 161.000000 241.000000
thumbnail_22 163.000000 242.000000 161.000000 241.000000
thumbnail_23 150.000000 245.000000 161.000000 241.000000
thumbnail_24 162.000000 255.000000 161.000000 241.000000
thumbnail_25 170.000000 412.000000 161.000000 241.000000
thumbnail_26 141.000000 216.000000 161.000000 241.000000
thumbnail_27 118.000000 169.000000 161.000000 241.000000
thumbnail_28 170.000000 225.000000 161.000000 241.000000
thumbnail_29 162.000000 306.000000 161.000000 241.000000
thumbnail_30 153.000000 239.000000 161.000000 241.000000
thumbnail_31 149.000000 237.000000 161.000000 241.000000
thumbnail_32 160.000000 233.000000 161.000000 241.000000
thumbnail_33 63.000000 85.000000 161.000000 241.000000
thumbnail_34 170.000000 195.000000 241.000000 161.000000
thumbnail_35 191.000000 164.000000 241.000000 161.000000
thumbnail_36 251.000000 162.000000 241.000000 161.000000
thumbnail_37 241.000000 140.000000 161.000000 241.000000
thumbnail_38 110.000000 149.000000 241.000000 161.000000
thumbnail_39 167.000000 232.000000 161.000000 241.000000
thumbnail_40 134.000000 290.000000 161.000000 241.000000
thumbnail_41 211.000000 156.000000 241.000000 161.000000
thumbnail_42 89.000000 187.000000 161.000000 241.000000
thumbnail_43 168.000000 158.000000 241.000000 161.000000
thumbnail_44 121.000000 287.000000 161.000000 241.000000
thumbnail_45 112.000000 290.000000 161.000000 241.000000
thumbnail_46 155.000000 129.000000 241.000000 161.000000
thumbnail_47 156.000000 247.000000 161.000000 241.000000
thumbnail_48 244.000000 158.000000 241.000000 161.000000
thumbnail_49 127.000000 158.000000 241.000000 161.000000
thumbnail_50 124.000000 196.000000 161.000000 241.000000
thumbnail_51 163.000000 238.000000 161.000000 241.000000
thumbnail_52 85.000000 247.000000 161.000000 241.000000
thumbnail_53 178.000000 213.000000 161.000000 241.000000
thumbnail_54 143.000000 233.000000 161.000000 241.000000
thumbnail_55 143.000000 234.000000 161.000000 241.000000
thumbnail_56 124.000000 116.000000 161.000000 241.000000
thumbnail_57 167.000000 292.000000 161.000000 241.000000
thumbnail_58 164.000000 244.000000 161.000000 241.000000
thumbnail_59 156.000000 246.000000 161.000000 241.000000
thumbnail_60 237.000000 160.000000 241.000000 161.000000
